RUNNING THE L-BFGS-B CODE

it    = iteration number
nf    = number of function evaluations
nseg  = number of segments explored during the Cauchy search
nact  = number of active bounds at the generalized Cauchy point
sub   = manner in which the subspace minimization terminated:
        con = converged, bnd = a bound was reached
itls  = number of iterations performed in the line search
stepl = step length used
tstep = norm of the displacement (total step)
projg = norm of the projected gradient
f     = function value

           * * *

Machine precision = 2.220E-16
 N =  308308    M =  10

   it   nf  nseg  nact  sub  itls  stepl    tstep     projg        f
    0    1     -     -   -     -     -        -     1.583E+00  3.107E+02
    1    2     1     0  ---    0  1.5E-02  1.0E+00  1.317E+00  2.517E+02
    2    3     0     0  con    0  1.0E+00  7.5E+00  9.703E-02  8.289E+01
    3    4     0     0  con    0  1.0E+00  6.7E-01  9.448E-02  7.998E+01
    4    5     0     0  con    0  1.0E+00  8.5E+00  2.046E-01  5.687E+01
    5    6     0     0  con    0  1.0E+00  1.2E+01  3.119E-01  4.489E+01
    6    7     0     0  con    0  1.0E+00  2.5E+00  1.275E-01  4.014E+01
    7    8     0     0  con    0  1.0E+00  1.4E+00  4.642E-02  3.964E+01
    8    9     0     0  con    0  1.0E+00  2.1E+00  6.945E-02  3.942E+01
    9   10     0     0  con    0  1.0E+00  9.6E-01  3.841E-02  3.936E+01
   10   11     0     0  con    0  1.0E+00  5.9E-01  3.092E-02  3.935E+01
   11   12     0     0  con    0  1.0E+00  1.0E-01  3.012E-02  3.930E+01
   12   13     0     0  con    0  1.0E+00  9.8E-02  1.785E-02  3.930E+01
   13   20     0     0  con    6  0.0E+00  0.0E+00  2.137E-02  3.930E+01

CONVERGENCE: REL_REDUCTION_OF_F_<=_FACTR*EPSMCH             

 Total User time 7.860E+01 seconds.

    5  0.0E+00  0.0E+00  2.465E-02  3.924E+01

CONVERGENCE: REL_REDUCTION_OF_F_<=_FACTR*EPSMCH             

 Total User time 4.104E+01 seconds.

    0  1.0E+00  4.1E+00  2.742E-01  3.775E+01
   18   20     0     0  con    0  1.0E+00  1.0E+01  2.126E-01  3.620E+01
   19   22     0     0  con    1  2.1E-01  1.7E+00  8.881E-02  3.584E+01
   20   23     0     0  con    0  1.0E+00  1.6E+00  6.414E-02  3.478E+01
   21   24     0     0  con    0  1.0E+00  3.1E+00  6.399E-02  3.457E+01
   22   25     0     0  con    0  1.0E+00  3.7E+00  5.569E-02  3.421E+01
   23   26     0     0  con    0  1.0E+00  8.4E+00  9.909E-02  3.382E+01
   24   27     0     0  con    0  1.0E+00  2.9E+00  4.122E-02  3.334E+01
   25   28     0     0  con    0  1.0E+00  1.3E+00  3.802E-02  3.302E+01
   26   29     0     0  con    0  1.0E+00  3.9E+00  1.004E-01  3.241E+01
   27   31     0     0  con    1  4.5E-01  2.5E+00  5.912E-02  3.219E+01
   28   32     0     0  con    0  1.0E+00  2.6E+00  2.001E-02  3.202E+01
   29   33     0     0  con    0  1.0E+00  5.6E-01  1.820E-02  3.191E+01
   30   34     0     0  con    0  1.0E+00  1.2E+00  4.505E-02  3.173E+01
   31   35     0     0  con    0  1.0E+00  1.8E+00  5.096E-02  3.148E+01
   32   36     0     0  con    0  1.0E+00  3.6E+00  1.147E-01  3.131E+01
   33   37     0     0  con    0  1.0E+00  1.0E+00  3.825E-02  3.093E+01
   34   38     0     0  con    0  1.0E+00  1.2E+00  2.247E-02  3.076E+01
   35   39     0     0  con    0  1.0E+00  1.4E+00  2.070E-02  3.068E+01
   36   40     0     0  con    0  1.0E+00  1.3E+00  3.863E-02  3.064E+01
   37   41     0     0  con    0  1.0E+00  4.8E-01  1.584E-02  3.059E+01
   38   42     0     0  con    0  1.0E+00  1.4E+00  2.656E-02  3.051E+01
   39   43     0     0  con    0  1.0E+00  9.3E-01  2.996E-02  3.045E+01
   40   44     0     0  con    0  1.0E+00  1.9E+00  3.949E-02  3.036E+01
   41   45     0     0  con    0  1.0E+00  1.9E+00  2.633E-02  3.025E+01
   42   46     0     0  con    0  1.0E+00  1.0E+00  1.778E-02  3.018E+01
   43   47     0     0  con    0  1.0E+00  5.5E-01  2.125E-02  3.014E+01
   44   48     0     0  con    0  1.0E+00  1.9E-01  1.431E-02  3.013E+01
   45   49     0     0  con    0  1.0E+00  6.5E-01  2.913E-02  3.007E+01
   46   50     0     0  con    0  1.0E+00  1.8E+00  5.710E-02  2.997E+01
   47   51     0     0  con    0  1.0E+00  3.8E+00  5.824E-02  2.984E+01
   48   52     0     0  con    0  1.0E+00  2.9E+00  4.775E-02  2.974E+01
   49   53     0     0  con    0  1.0E+00  4.2E-01  2.027E-02  2.967E+01
   50   54     0     0  con    0  1.0E+00  8.7E-01  2.102E-02  2.964E+01
   51   55     0     0  con    0  1.0E+00  5.9E-01  2.309E-02  2.961E+01
   52   56     0     0  con    0  1.0E+00  1.5E+00  2.489E-02  2.955E+01
   53   57     0     0  con    0  1.0E+00  2.2E+00  7.191E-02  2.953E+01
   54   58     0     0  con    0  1.0E+00  2.9E-01  2.132E-02  2.946E+01
   55   59     0     0  con    0  1.0E+00  4.5E-01  2.140E-02  2.943E+01
   56   60     0     0  con    0  1.0E+00  8.3E-01  3.084E-02  2.939E+01
   57   61     0     0  con    0  1.0E+00  1.8E+00  5.201E-02  2.931E+01
   58   63     0     0  con    1  3.1E-01  8.6E-01  3.582E-02  2.929E+01
   59   64     0     0  con    0  1.0E+00  6.8E-01  9.295E-03  2.926E+01
   60   65     0     0  con    0  1.0E+00  3.4E-01  9.379E-03  2.925E+01
   61   66     0     0  con    0  1.0E+00  3.9E-01  1.670E-02  2.924E+01
   62   67     0     0  con    0  1.0E+00  1.1E+00  3.130E-02  2.920E+01
   63   68     0     0  con    0  1.0E+00  1.7E+00  5.023E-02  2.915E+01
   64   69     0     0  con    0  1.0E+00  2.4E+00  5.301E-02  2.911E+01
   65   70     0     0  con    0  1.0E+00  2.2E-01  1.528E-02  2.908E+01
   66   71     0     0  con    0  1.0E+00  2.7E-01  8.283E-03  2.906E+01
   67   72     0     0  con    0  1.0E+00  1.7E-01  1.105E-02  2.905E+01
   68   73     0     0  con    0  1.0E+00  5.5E-01  2.295E-02  2.903E+01
   69   74     0     0  con    0  1.0E+00  1.4E+00  3.449E-02  2.899E+01
   70   75     0     0  con    0  1.0E+00  2.7E+00  5.606E-02  2.896E+01
   71   76     0     0  con    0  1.0E+00  1.0E+00  2.263E-02  2.891E+01
   72   77     0     0  con    0  1.0E+00  3.0E-01  8.152E-03  2.890E+01
   73   78     0     0  con    0  1.0E+00  4.5E-01  4.499E-03  2.889E+01
   74   79     0     0  con    0  1.0E+00  4.3E-01  1.070E-02  2.888E+01
   75   80     0     0  con    0  1.0E+00  1.4E+00  2.311E-02  2.885E+01
   76   81     0     0  con    0  1.0E+00  2.4E+00  3.258E-02  2.880E+01
   77   82     0     0  con    0  1.0E+00  3.9E+00  4.879E-02  2.876E+01
   78   83     0     0  con    0  1.0E+00  1.7E+00  2.242E-02  2.871E+01
   79   84     0     0  con    0  1.0E+00  8.7E-01  1.066E-02  2.868E+01
   80   85     0     0  con    0  1.0E+00  5.0E-01  1.111E-02  2.866E+01
   81   86     0     0  con    0  1.0E+00  3.7E-01  1.540E-02  2.865E+01
   82   87     0     0  con    0  1.0E+00  1.5E+00  2.558E-02  2.861E+01
   83   88     0     0  con    0  1.0E+00  2.3E+00  3.350E-02  2.857E+01
   84   89     0     0  con    0  1.0E+00  2.5E+00  4.229E-02  2.857E+01
   85   90     0     0  con    0  1.0E+00  9.3E-01  7.164E-03  2.854E+01
   86   91     0     0  con    0  1.0E+00  1.6E-01  6.059E-03  2.853E+01
   87   92     0     0  con    0  1.0E+00  4.1E-01  1.292E-02  2.852E+01
   88   93     0     0  con    0  1.0E+00  9.4E-01  1.911E-02  2.850E+01
   89   94     0     0  con    0  1.0E+00  2.0E+00  3.392E-02  2.847E+01
   90   95     0     0  con    0  1.0E+00  2.0E+00  2.273E-02  2.845E+01
   91   96     0     0  con    0  1.0E+00  2.6E-01  6.935E-03  2.844E+01
   92   97     0     0  con    0  1.0E+00  3.7E-01  6.962E-03  2.843E+01
   93   98     0     0  con    0  1.0E+00  3.9E-01  1.097E-02  2.842E+01
   94   99     0     0  con    0  1.0E+00  1.3E+00  1.920E-02  2.840E+01
   95  100     0     0  con    0  1.0E+00  1.6E+00  4.160E-02  2.839E+01
   96  101     0     0  con    0  1.0E+00  1.9E-01  9.952E-03  2.837E+01
   97  102     0     0  con    0  1.0E+00  2.6E-01  4.832E-03  2.836E+01
   98  103     0     0  con    0  1.0E+00  3.1E-01  6.675E-03  2.836E+01
   99  104     0     0  con    0  1.0E+00  2.1E-01  7.846E-03  2.837E+01
  100  105     0     0  con    0  1.0E+00  6.9E-01  1.532E-02  2.836E+01
  101  106     0     0  con    0  1.0E+00  1.3E+00  1.890E-02  2.834E+01
  102  108     0     0  con    1  5.2E-01  1.2E+00  1.741E-02  2.833E+01
  103  109     0     0  con    0  1.0E+00  7.8E-01  9.797E-03  2.831E+01
  104  110     0     0  con    0  1.0E+00  4.0E-01  5.108E-03  2.831E+01
  105  111     0     0  con    0  1.0E+00  2.1E-01  5.634E-03  2.830E+01
  106  112     0     0  con    0  1.0E+00  7.2E-01  1.353E-02  2.829E+01
  107  113     0     0  con    0  1.0E+00  1.4E+00  1.578E-02  2.828E+01
  108  114     0     0  con    0  1.0E+00  2.2E+00  2.406E-02  2.827E+01
  109  115     0     0  con    0  1.0E+00  1.5E-01  4.884E-03  2.825E+01
  110  116     0     0  con    0  1.0E+00  1.3E-01  4.046E-03  2.825E+01
  111  117     0     0  con    0  1.0E+00  1.3E-01  6.785E-03  2.825E+01
  112  118     0     0  con    0  1.0E+00  4.7E-01  1.320E-02  2.824E+01
  113  119     0     0  con    0  1.0E+00  1.1E+00  1.720E-02  2.823E+01
  114  120     0     0  con    0  1.0E+00  2.2E+00  3.373E-02  2.822E+01
  115  121     0     0  con    0  1.0E+00  1.3E-01  7.507E-03  2.821E+01
  116  122     0     0  con    0  1.0E+00  1.9E-01  2.716E-03  2.820E+01
  117  123     0     0  con    0  1.0E+00  3.6E-01  6.011E-03  2.820E+01
  118  124     0     0  con    0  1.0E+00  5.8E-01  1.134E-02  2.819E+01
  119  125     0     0  con    0  1.0E+00  1.2E+00  1.517E-02  2.818E+01
  120  127     0     0  con    1  4.7E-01  9.1E-01  1.342E-02  2.817E+01
  121  128     0     0  con    0  1.0E+00  1.1E+00  7.677E-03  2.816E+01
  122  129     0     0  con    0  1.0E+00  2.8E-01  2.262E-03  2.816E+01
  123  130     0     0  con    0  1.0E+00  1.7E-01  6.953E-03  2.815E+01
  124  131     0     0  con    0  1.0E+00  2.5E-01  1.158E-02  2.815E+01
  125  132     0     0  con    0  1.0E+00  8.1E-01  1.583E-02  2.814E+01
  126  133     0     0  con    0  1.0E+00  1.6E+00  1.988E-02  2.813E+01
  127  134     0     0  con    0  1.0E+00  3.0E-01  6.726E-03  2.813E+01
  128  135     0     0  con    0  1.0E+00  3.2E-01  3.334E-03  2.812E+01
  129  136     0     0  con    0  1.0E+00  2.7E-01  4.463E-03  2.812E+01
  130  137     0     0  con    0  1.0E+00  6.1E-01  9.694E-03  2.812E+01
  131  138     0     0  con    0  1.0E+00  1.1E+00  1.303E-02  2.811E+01
  132  139     0     0  con    0  1.0E+00  1.5E+00  1.328E-02  2.810E+01
  133  140     0     0  con    0  1.0E+00  1.2E+00  4.555E-03  2.809E+01
  134  141     0     0  con    0  1.0E+00  3.4E-01  2.496E-03  2.809E+01
  135  142     0     0  con    0  1.0E+00  3.3E-01  7.656E-03  2.808E+01
  136  143     0     0  con    0  1.0E+00  2.7E-01  1.095E-02  2.808E+01
  137  144     0     0  con    0  1.0E+00  7.8E-01  1.312E-02  2.807E+01
  138  145     0     0  con    0  1.0E+00  1.6E+00  2.523E-02  2.807E+01
  139  146     0     0  con    0  1.0E+00  3.0E-01  4.548E-03  2.806E+01
  140  147     0     0  con    0  1.0E+00  3.4E-01  3.535E-03  2.806E+01
  141  148     0     0  con    0  1.0E+00  5.0E-01  6.154E-03  2.806E+01
  142  149     0     0  con    0  1.0E+00  1.0E+00  9.603E-03  2.805E+01
  143  150     0     0  con    0  1.0E+00  1.7E+00  9.250E-03  2.804E+01
  144  152     0     0  con    1  2.3E-01  6.5E-01  9.621E-03  2.804E+01
  145  153     0     0  con    0  1.0E+00  6.5E-01  3.781E-03  2.804E+01
  146  154     0     0  con    0  1.0E+00  2.4E-01  3.828E-03  2.803E+01
  147  155     0     0  con    0  1.0E+00  2.6E-01  7.208E-03  2.803E+01
  148  156     0     0  con    0  1.0E+00  4.9E-01  8.929E-03  2.803E+01
  149  157     0     0  con    0  1.0E+00  9.3E-01  2.277E-02  2.802E+01
  150  158     0     0  con    0  1.0E+00  2.2E-01  4.893E-03  2.802E+01
  151  159     0     0  con    0  1.0E+00  2.2E-01  1.548E-03  2.801E+01
  152  160     0     0  con    0  1.0E+00  2.8E-01  4.122E-03  2.801E+01
  153  161     0     0  con    0  1.0E+00  3.6E-01  6.709E-03  2.801E+01
  154  162     0     0  con    0  1.0E+00  8.0E-01  7.580E-03  2.800E+01
  155  164     0     0  con    1  3.9E-01  5.4E-01  8.888E-03  2.800E+01
  156  165     0     0  con    0  1.0E+00  5.8E-01  4.125E-03  2.800E+01
  157  166     0     0  con    0  1.0E+00  3.7E-01  3.366E-03  2.799E+01
  158  167     0     0  con    0  1.0E+00  3.3E-01  6.987E-03  2.799E+01
  159  168     0     0  con    0  1.0E+00  5.5E-01  1.047E-02  2.799E+01
  160  169     0     0  con    0  1.0E+00  1.1E+00  2.106E-02  2.798E+01
  161  170     0     0  con    0  1.0E+00  6.1E-01  5.011E-03  2.798E+01
  162  171     0     0  con    0  1.0E+00  3.7E-01  2.727E-03  2.797E+01
  163  172     0     0  con    0  1.0E+00  2.7E-01  4.668E-03  2.797E+01
  164  173     0     0  con    0  1.0E+00  4.2E-01  7.477E-03  2.797E+01
  165  174     0     0  con    0  1.0E+00  9.9E-01  7.752E-03  2.796E+01
  166  176     0     0  con    1  3.1E-01  5.7E-01  8.362E-03  2.796E+01
  167  177     0     0  con    0  1.0E+00  7.5E-01  3.272E-03  2.796E+01
  168  178     0     0  con    0  1.0E+00  4.5E-01  2.137E-03  2.796E+01
  169  179     0     0  con    0  1.0E+00  3.7E-01  6.112E-03  2.795E+01
  170  180     0     0  con    0  1.0E+00  5.8E-01  8.269E-03  2.795E+01
  171  181     0     0  con    0  1.0E+00  1.1E+00  1.034E-02  2.795E+01
  172  182     0     0  con    0  1.0E+00  2.8E-01  3.489E-03  2.794E+01
  173  183     0     0  con    0  1.0E+00  1.4E-01  1.282E-03  2.794E+01
  174  184     0     0  con    0  1.0E+00  1.9E-01  4.490E-03  2.794E+01
  175  185     0     0  con    0  1.0E+00  4.3E-01  7.863E-03  2.794E+01
  176  186     0     0  con    0  1.0E+00  8.9E-01  8.346E-03  2.793E+01
  177  188     0     0  con    1  1.9E-01  3.5E-01  8.274E-03  2.793E+01
  178  189     0     0  con    0  1.0E+00  7.5E-01  4.176E-03  2.793E+01
  179  190     0     0  con    0  1.0E+00  4.0E-01  1.466E-03  2.793E+01
  180  191     0     0  con    0  1.0E+00  3.7E-01  5.013E-03  2.792E+01
  181  192     0     0  con    0  1.0E+00  4.4E-01  7.769E-03  2.792E+01
  182  193     0     0  con    0  1.0E+00  9.6E-01  9.166E-03  2.792E+01
  183  194     0     0  con    0  1.0E+00  5.6E-01  4.130E-03  2.792E+01
  184  195     0     0  con    0  1.0E+00  2.6E-01  2.049E-03  2.791E+01
  185  196     0     0  con    0  1.0E+00  2.1E-01  4.364E-03  2.791E+01
  186  197     0     0  con    0  1.0E+00  3.3E-01  7.049E-03  2.791E+01
  187  198     0     0  con    0  1.0E+00  8.4E-01  7.923E-03  2.791E+01
  188  200     0     0  con    1  3.8E-01  5.9E-01  7.560E-03  2.791E+01
  189  201     0     0  con    0  1.0E+00  5.6E-01  3.971E-03  2.790E+01
  190  202     0     0  con    0  1.0E+00  3.7E-01  1.754E-03  2.790E+01
  191  203     0     0  con    0  1.0E+00  2.7E-01  5.033E-03  2.790E+01
  192  204     0     0  con    0  1.0E+00  5.4E-01  7.894E-03  2.790E+01
  193  205     0     0  con    0  1.0E+00  9.7E-01  9.221E-03  2.789E+01
  194  206     0     0  con    0  1.0E+00  5.1E-01  3.662E-03  2.789E+01
  195  207     0     0  con    0  1.0E+00  9.6E-02  1.675E-03  2.789E+01
  196  208     0     0  con    0  1.0E+00  1.2E-01  4.055E-03  2.789E+01
  197  209     0     0  con    0  1.0E+00  2.4E-01  6.661E-03  2.789E+01
  198  210     0     0  con    0  1.0E+00  6.9E-01  7.986E-03  2.789E+01
  199  212     0     0  con    1  4.9E-01  5.9E-01  7.437E-03  2.788E+01
  200  213     0     0  con    0  1.0E+00  4.6E-01  3.471E-03  2.788E+01
  201  214     0     0  con    0  1.0E+00  3.4E-01  1.825E-03  2.788E+01
  202  215     0     0  con    0  1.0E+00  2.1E-01  4.190E-03  2.788E+01
  203  216     0     0  con    0  1.0E+00  5.5E-01  7.401E-03  2.788E+01
  204  217     0     0  con    0  1.0E+00  8.9E-01  6.615E-03  2.788E+01
  205  218     0     0  con    0  1.0E+00  5.1E-01  3.784E-03  2.787E+01
  206  219     0     0  con    0  1.0E+00  1.3E-01  1.205E-03  2.787E+01
  207  220     0     0  con    0  1.0E+00  9.5E-02  3.540E-03  2.787E+01
  208  221     0     0  con    0  1.0E+00  1.7E-01  5.948E-03  2.787E+01
  209  222     0     0  con    0  1.0E+00  5.2E-01  8.497E-03  2.787E+01
  210  223     0     0  con    0  1.0E+00  9.1E-01  1.830E-02  2.787E+01
  211  224     0     0  con    0  1.0E+00  1.6E-01  5.158E-03  2.786E+01
  212  225     0     0  con    0  1.0E+00  1.2E-01  1.099E-03  2.786E+01
  213  226     0     0  con    0  1.0E+00  1.7E-01  2.488E-03  2.786E+01
  214  227     0     0  con    0  1.0E+00  2.4E-01  4.837E-03  2.786E+01
  215  228     0     0  con    0  1.0E+00  5.7E-01  7.153E-03  2.786E+01
  216  229     0     0  con    0  1.0E+00  7.5E-01  8.051E-03  2.786E+01
  217  230     0     0  con    0  1.0E+00  7.4E-01  3.753E-03  2.786E+01
  218  231     0     0  con    0  1.0E+00  2.1E-01  8.413E-04  2.786E+01
  219  232     0     0  con    0  1.0E+00  1.2E-01  3.054E-03  2.785E+01
  220  233     0     0  con    0  1.0E+00  1.1E-01  4.950E-03  2.785E+01
  221  234     0     0  con    0  1.0E+00  4.2E-01  6.018E-03  2.785E+01
  222  235     0     0  con    0  1.0E+00  6.8E-01  5.735E-03  2.785E+01
  223  236     0     0  con    0  1.0E+00  2.5E-01  1.885E-03  2.785E+01
  224  237     0     0  con    0  1.0E+00  3.2E-01  2.194E-03  2.785E+01
  225  238     0     0  con    0  1.0E+00  1.8E-01  3.330E-03  2.785E+01
  226  239     0     0  con    0  1.0E+00  7.5E-01  5.387E-03  2.785E+01
  227  240     0     0  con    0  1.0E+00  6.8E-01  1.073E-02  2.785E+01
  228  241     0     0  con    0  1.0E+00  1.0E-01  3.083E-03  2.784E+01
  229  242     0     0  con    0  1.0E+00  1.1E-01  7.909E-04  2.784E+01
  230  243     0     0  con    0  1.0E+00  9.8E-02  1.800E-03  2.784E+01
  231  244     0     0  con    0  1.0E+00  1.5E-01  3.261E-03  2.784E+01
  232  245     0     0  con    0  1.0E+00  3.4E-01  4.482E-03  2.784E+01
  233  247     0     0  con    1  2.7E-01  2.0E-01  4.419E-03  2.784E+01
  234  248     0     0  con    0  1.0E+00  4.0E-01  2.363E-03  2.784E+01
  235  249     0     0  con    0  1.0E+00  4.4E-01  1.276E-03  2.784E+01
  236  250     0     0  con    0  1.0E+00  4.5E-01  3.295E-03  2.784E+01
  237  251     0     0  con    0  1.0E+00  4.0E-01  3.347E-03  2.784E+01
  238  252     0     0  con    0  1.0E+00  2.5E-01  2.213E-03  2.784E+01
  239  253     0     0  con    0  1.0E+00  5.7E-01  4.375E-03  2.784E+01
  240  254     0     0  con    0  1.0E+00  1.8E-01  3.837E-03  2.783E+01
  241  255     0     0  con    0  1.0E+00  1.7E-01  3.930E-03  2.783E+01
  242  256     0     0  con    0  1.0E+00  6.0E-01  4.886E-03  2.783E+01
  243  257     0     0  con    0  1.0E+00  3.5E-01  1.709E-03  2.783E+01
  244  258     0     0  con    0  1.0E+00  9.0E-02  1.182E-03  2.783E+01
  245  259     0     0  con    0  1.0E+00  1.1E-01  8.462E-04  2.783E+01
  246  260     0     0  con    0  1.0E+00  4.0E-01  1.705E-03  2.783E+01
  247  261     0     0  con    0  1.0E+00  5.9E-01  1.790E-03  2.783E+01
  248  263     0     0  con    1  4.3E-01  4.4E-01  3.859E-03  2.783E+01
  249  264     0     0  con    0  1.0E+00  2.9E-01  1.592E-03  2.783E+01
  250  265     0     0  con    0  1.0E+00  1.6E-01  1.264E-03  2.783E+01
  251  266     0     0  con    0  1.0E+00  1.3E-01  1.729E-03  2.783E+01
  252  267     0     0  con    0  1.0E+00  2.2E-01  2.051E-03  2.783E+01
  253  269     0     0  con    1  2.9E-01  1.4E-01  2.253E-03  2.783E+01
  254  270     0     0  con    0  1.0E+00  1.3E-01  1.216E-03  2.783E+01
  255  271     0     0  con    0  1.0E+00  9.1E-02  1.207E-03  2.783E+01
  256  272     0     0  con    0  1.0E+00  8.6E-02  1.688E-03  2.783E+01
  257  273     0     0  con    0  1.0E+00  1.8E-01  2.885E-03  2.782E+01
  258  274     0     0  con    0  1.0E+00  6.0E-01  6.025E-03  2.782E+01
  259  275     0     0  con    0  1.0E+00  1.5E-01  1.683E-03  2.782E+01
  260  276     0     0  con    0  1.0E+00  2.6E-01  1.890E-03  2.782E+01
  261  277     0     0  con    0  1.0E+00  3.5E-01  2.140E-03  2.782E+01
  262  278     0     0  con    0  1.0E+00  4.5E-01  2.149E-03  2.782E+01
  263  280     0     0  con    1  1.9E-01  3.2E-01  3.844E-03  2.782E+01
  264  281     0     0  con    0  1.0E+00  5.9E-01  1.385E-03  2.782E+01
  265  282     0     0  con    0  1.0E+00  3.2E-01  5.633E-04  2.782E+01
  266  283     0     0  con    0  1.0E+00  1.8E-01  1.572E-03  2.782E+01
  267  284     0     0  con    0  1.0E+00  1.6E-01  2.653E-03  2.782E+01
  268  285     0     0  con    0  1.0E+00  1.2E-01  2.261E-03  2.782E+01
  269  286     0     0  con    0  1.0E+00  4.0E-01  2.087E-03  2.782E+01
  270  287     0     0  con    0  1.0E+00  2.4E-01  4.871E-03  2.782E+01
  271  288     0     0  con    0  1.0E+00  9.6E-02  1.832E-03  2.782E+01
  272  289     0     0  con    0  1.0E+00  9.9E-02  8.994E-04  2.782E+01
  273  290     0     0  con    0  1.0E+00  2.8E-01  2.259E-03  2.782E+01
  274  291     0     0  con    0  1.0E+00  2.8E-01  4.395E-03  2.782E+01
  275  292     0     0  con    0  1.0E+00  5.3E-01  3.736E-03  2.781E+01
  276  293     0     0  con    0  1.0E+00  7.6E-01  4.191E-03  2.781E+01
  277  294     0     0  con    0  1.0E+00  1.7E-01  1.303E-03  2.781E+01
  278  295     0     0  con    0  1.0E+00  1.2E-01  4.912E-04  2.781E+01
  279  296     0     0  con    0  1.0E+00  1.4E-01  1.157E-03  2.781E+01
  280  297     0     0  con    0  1.0E+00  2.4E-01  3.406E-03  2.781E+01
  281  298     0     0  con    0  1.0E+00  1.5E-01  1.208E-03  2.781E+01
  282  299     0     0  con    0  1.0E+00  2.6E-01  7.370E-04  2.781E+01
  283  300     0     0  con    0  1.0E+00  3.4E-01  3.825E-03  2.781E+01
  284  301     0     0  con    0  1.0E+00  2.3E-01  1.805E-03  2.781E+01
  285  302     0     0  con    0  1.0E+00  1.4E-01  1.812E-03  2.781E+01
  286  303     0     0  con    0  1.0E+00  4.6E-01  2.983E-03  2.781E+01
  287  304     0     0  con    0  1.0E+00  4.6E-01  5.100E-03  2.781E+01
  288  305     0     0  con    0  1.0E+00  2.3E-01  1.566E-03  2.781E+01
  289  306     0     0  con    0  1.0E+00  1.4E-01  1.103E-03  2.781E+01
  290  307     0     0  con    0  1.0E+00  1.6E-01  2.388E-03  2.781E+01
  291  308     0     0  con    0  1.0E+00  3.0E-01  2.995E-03  2.781E+01
  292  310     0     0  con    1  2.6E-01  1.6E-01  4.989E-03  2.781E+01
  293  311     0     0  con    0  1.0E+00  3.5E-01  2.613E-03  2.781E+01
  294  312     0     0  con    0  1.0E+00  2.9E-01  1.415E-03  2.781E+01
  295  313     0     0  con    0  1.0E+00  2.4E-01  2.430E-03  2.781E+01
  296  314     0     0  con    0  1.0E+00  1.4E-01  2.246E-03  2.781E+01
  297  315     0     0  con    0  1.0E+00  9.5E-02  6.631E-04  2.781E+01
  298  316     0     0  con    0  1.0E+00  1.3E-01  1.520E-03  2.781E+01
  299  317     0     0  con    0  1.0E+00  1.7E-01  2.861E-03  2.781E+01
  300  318     0     0  con    0  1.0E+00  4.2E-01  3.229E-03  2.781E+01
  301  320     0     0  con    1  3.2E-01  2.1E-01  2.897E-03  2.781E+01
  302  321     0     0  con    0  1.0E+00  3.1E-01  1.547E-03  2.780E+01
  303  322     0     0  con    0  1.0E+00  2.3E-01  1.485E-03  2.780E+01
  304  323     0     0  con    0  1.0E+00  2.7E-01  2.138E-03  2.780E+01
  305  324     0     0  con    0  1.0E+00  3.7E-01  4.007E-03  2.780E+01
  306  325     0     0  con    0  1.0E+00  2.9E-01  2.199E-03  2.780E+01
  307  326     0     0  con    0  1.0E+00  2.3E-01  1.850E-03  2.780E+01
  308  327     0     0  con    0  1.0E+00  1.6E-01  1.908E-03  2.780E+01
  309  328     0     0  con    0  1.0E+00  1.2E-01  1.474E-03  2.780E+01
  310  329     0     0  con    0  1.0E+00  4.7E-01  1.299E-03  2.780E+01
  311  330     0     0  con    0  1.0E+00  3.2E-01  1.996E-03  2.780E+01
  312  331     0     0  con    0  1.0E+00  1.2E-01  1.997E-03  2.780E+01
  313  332     0     0  con    0  1.0E+00  2.2E-01  1.461E-03  2.780E+01
  314  333     0     0  con    0  1.0E+00  2.0E-01  2.287E-03  2.780E+01
  315  334     0     0  con    0  1.0E+00  2.0E-01  1.660E-03  2.780E+01
  316  335     0     0  con    0  1.0E+00  2.8E-01  3.330E-03  2.780E+01
  317  336     0     0  con    0  1.0E+00  1.8E-01  2.798E-03  2.780E+01
  318  337     0     0  con    0  1.0E+00  5.3E-02  1.111E-03  2.780E+01
  319  338     0     0  con    0  1.0E+00  8.0E-02  1.265E-03  2.780E+01
  320  339     0     0  con    0  1.0E+00  1.2E-01  1.534E-03  2.780E+01
  321  341     0     0  con    1  5.1E-01  1.7E-01  2.434E-03  2.780E+01
  322  342     0     0  con    0  1.0E+00  2.1E-01  9.351E-04  2.780E+01
  323  343     0     0  con    0  1.0E+00  2.8E-01  1.059E-03  2.780E+01
  324  344     0     0  con    0  1.0E+00  3.0E-01  3.540E-03  2.780E+01
  325  345     0     0  con    0  1.0E+00  2.9E-01  3.565E-03  2.780E+01
  326  346     0     0  con    0  1.0E+00  2.1E-01  2.511E-03  2.780E+01
  327  347     0     0  con    0  1.0E+00  1.9E-01  1.401E-03  2.780E+01
  328  348     0     0  con    0  1.0E+00  6.4E-02  1.907E-03  2.780E+01
  329  349     0     0  con    0  1.0E+00  1.1E-01  2.130E-03  2.779E+01
  330  350     0     0  con    0  1.0E+00  3.2E-01  3.647E-03  2.779E+01
  331  351     0     0  con    0  1.0E+00  2.0E-01  1.796E-03  2.779E+01
  332  352     0     0  con    0  1.0E+00  2.8E-01  1.839E-03  2.779E+01
  333  353     0     0  con    0  1.0E+00  2.9E-01  2.207E-03  2.779E+01
  334  355     0     0  con    1  4.4E-01  1.4E-01  3.161E-03  2.779E+01
  335  356     0     0  con    0  1.0E+00  1.8E-01  1.627E-03  2.779E+01
  336  357     0     0  con    0  1.0E+00  1.5E-01  1.223E-03  2.779E+01
  337  358     0     0  con    0  1.0E+00  2.3E-01  2.723E-03  2.779E+01
  338  359     0     0  con    0  1.0E+00  2.8E-01  2.050E-03  2.779E+01
  339  360     0     0  con    0  1.0E+00  1.4E-01  9.294E-04  2.779E+01
  340  361     0     0  con    0  1.0E+00  4.6E-02  3.236E-04  2.779E+01
  341  362     0     0  con    0  1.0E+00  4.5E-02  1.918E-03  2.779E+01
  342  363     0     0  con    0  1.0E+00  1.1E-01  1.910E-03  2.779E+01
  343  364     0     0  con    0  1.0E+00  4.0E-01  3.022E-03  2.779E+01
  344  365     0     0  con    0  1.0E+00  4.9E-01  3.575E-03  2.779E+01
  345  366     0     0  con    0  1.0E+00  2.1E-01  9.067E-04  2.779E+01
  346  367     0     0  con    0  1.0E+00  2.4E-01  1.522E-03  2.779E+01
  347  368     0     0  con    0  1.0E+00  2.1E-01  1.777E-03  2.779E+01
  348  369     0     0  con    0  1.0E+00  4.9E-01  2.455E-03  2.779E+01
  349  370     0     0  con    0  1.0E+00  2.1E-01  1.409E-03  2.779E+01
  350  371     0     0  con    0  1.0E+00  1.1E-01  7.937E-04  2.779E+01
  351  372     0     0  con    0  1.0E+00  8.9E-02  7.879E-04  2.779E+01
  352  373     0     0  con    0  1.0E+00  3.3E-02  8.933E-04  2.779E+01
  353  374     0     0  con    0  1.0E+00  1.7E-01  2.465E-03  2.779E+01
  354  375     0     0  con    0  1.0E+00  3.1E-01  2.912E-03  2.779E+01
  355  377     0     0  con    1  2.5E-01  1.5E-01  1.519E-03  2.779E+01
